
---basic

[begin] == [end] on empty deque
max_size (deque) 4611686018427387903
empty? 1
empty deque size = 0
deque [24, 6, 5, 42].size() = 4
[24, 6, 5, 42].front() = 24 (it:24)
[24, 6, 5, 42].back()  = 42 (it:42)
deque[0] = 24 == deque.at(0) = 24
deque[1] = 6 == deque.at(1) = 6
deque[2] = 5 == deque.at(2) = 5
deque[3] = 42 == deque.at(3) = 42
deque [24, 6, 5, 42] with iterators:
24, 6, 5, 42
reverse:
42, 5, 6, 24

---push_back

[5, 42, 3]:
5, 42, 3
(reverse) [5, 42, 3]:
1 -> 3
2 -> 42
3 -> 5
pop_back from [5, 42, 3]:
[5, 42]:
5, 42, 
[5]:
5, 
[]:

---push_front

[5, 42, 3]:
5, 42, 3
(reverse) [5, 42, 3]:
1 -> 3
2 -> 42
3 -> 5
pop_front from [5, 42, 3]:
[5, 42]:
42, 3, 
[5]:
3, 
[]:

---clear

[5, 42, 3]:
5, 42, 3
cleared deque []: empty !
copied deque before clear [5, 42, 3]
5, 42, 3

---erase

[5, 42, 3]:
5, 42, 3
[3] -> 3
42 deleted [5, 3]:
5, 3
deleted [end]
deleted [begin]
deq2 [5, 42, 3]:
5, 42, 3
single erase deq2 []: empty !

---assign

[42, 42, 42, 42, 42]:
42, 42, 42, 42, 42
deq2[43, 43, 43, 43, 43]:
43, 43, 43, 43, 43
deq [43, 43, 43, 43, 43]:
43, 43, 43, 43, 43
deq[43, 43, 43, 43, 43]:
43, 43, 43, 43, 43
deq2[44, 44, 44, 44, 44]:
44, 44, 44, 44, 44

---insert

[5]:
5
deq[42, 42, 5]:
42, 42, 5
deq2[42, 42, 5]:
42, 42, 5
insert deq into deq2
front
back
size
deq + deq2[42, 42, 5, 42, 42, 5]:
42, 42, 5, 42, 42, 5
deq3 66x66:
66, 66, 66, 66, 66, 66, 66, 66, 66, 66, 66, 66, 66, 66, 66, 66, 66, 66, 66, 66, 66, 66, 66, 66, 66, 66, 66, 66, 66, 66, 66, 66, 66, 66, 66, 66, 66, 66, 66, 66, 66, 66, 66, 66, 66, 66, 66, 66, 66, 66, 66, 66, 66, 66, 66, 66, 66, 66, 66, 66, 66, 66, 66, 66, 66, 66
deq3 132x66
66, 66, 66, 66, 66, 66, 66, 66, 66, 66, 66, 66, 66, 66, 66, 66, 66, 66, 66, 66, 66, 66, 66, 66, 66, 66, 66, 66, 66, 66, 66, 66, 66, 66, 66, 66, 66, 66, 66, 66, 66, 66, 66, 66, 66, 66, 66, 66, 66, 66, 66, 66, 66, 66, 66, 66, 66, 66, 66, 66, 66, 66, 66, 66, 66, 66, 66, 66, 66, 66, 66, 66, 66, 66, 66, 66, 66, 66, 66, 66, 66, 66, 66, 66, 66, 66, 66, 66, 66, 66, 66, 66, 66, 66, 66, 66, 66, 66, 66, 66, 66, 66, 66, 66, 66, 66, 66, 66, 66, 66, 66, 66, 66, 66, 66, 66, 66, 66, 66, 66, 66, 66, 66, 66, 66, 66, 66, 66, 66, 66, 66, 66

---resize

base [5, 42]:
5, 42
expand 43 [5, 42, 43, 43, 43]:
5, 42, 43, 43, 43
shrink [5]:
5
empty []: empty !
expand default value [0, 0, 0, 0, 0]:
0, 0, 0, 0, 0

---comparison

same deque:
comparison == 1
lesser deque:
comparison == 0
upper deque:
comparison == 0

---swap

deq [5, 42, 43]:
5, 42, 43
deq2 [12, 30, 60]:
12, 30, 60
---swapped
deq [12, 30, 60]:
12, 30, 60
deq2 [5, 42, 43]:
5, 42, 43
---swapped
deq [5, 42, 43]:
5, 42, 43
deq2 [12, 30, 60]:
12, 30, 60

